1.979999999999999982e+00
1.985460814708897903e+00
2.000000000000000000e+00
2.000000000000000000e+00
1.969907998241875013e+00
1.982189199980711969e+00
2.000000000000000000e+00
1.959999999999999964e+00
1.986089530072669973e+00
2.000000000000000000e+00
1.949996008531249991e+00
1.960154155710468027e+00
1.968831727508943086e+00
1.985128750398430064e+00
1.939999999999999947e+00
1.973886965074445055e+00
2.000000000000000000e+00
1.929999999999999938e+00
1.940000000000015046e+00
1.950000000000011946e+00
1.958756276753297110e+00
1.983563029148482038e+00
1.969330532266651890e+00
2.000000000000000000e+00
1.919999999999999929e+00
1.983044343735568926e+00
2.000000000000000000e+00
1.909999999999999032e+00
1.920000000000009033e+00
1.930000000000009930e+00
1.940000000000009939e+00
1.950534180126155093e+00
1.963843573688222932e+00
1.979870197137246990e+00
1.899999999999999911e+00
1.967425775246739894e+00
2.000000000000000000e+00
1.889999999999999902e+00
1.900000000000009015e+00
1.910000000000009912e+00
1.920000000000009921e+00
1.930000000000009042e+00
1.940750646091365939e+00
1.950126122733796041e+00
1.981979703622517075e+00
1.960000000000007958e+00
2.000000000000000000e+00
1.982726320892935989e+00
2.000000000000000000e+00
1.985358983848622971e+00
2.000000000000000000e+00
1.879999999999999893e+00
1.966519237886469984e+00
1.979999999999999982e+00
1.869969999556901019e+00
1.880000000000008109e+00
1.890000000000009894e+00
1.900000000000009903e+00
1.910000000000009912e+00
1.920000000000007034e+00
1.930000000000005933e+00
1.940000000000007052e+00
1.962765454468007098e+00
1.949419872981084989e+00
1.969801603545813018e+00
1.860000000000000098e+00
1.959999999999999964e+00
1.849506072704806936e+00
1.860000000000000098e+00
1.870000000000008988e+00
1.880000000000010996e+00
1.890000000000011005e+00
1.900000000000009015e+00
1.910000000000007025e+00
1.920000000000005924e+00
1.929903312163520068e+00
1.939857268358825992e+00
1.949836539647747946e+00
1.840000000000000080e+00
1.939999999999999947e+00
1.829357818292900895e+00
1.838973148166967997e+00
1.850058800868481956e+00
1.860493927295203909e+00
1.870082321215875920e+00
1.880000000000010107e+00
1.890000000000007008e+00
1.900000000000005906e+00
1.910000000000005915e+00
1.919983885360589948e+00
1.929946282227861021e+00
1.820000000000000062e+00
1.919999999999999929e+00
1.810000000000000053e+00
1.819604400823757961e+00
1.829959904963361916e+00
1.841046595643170969e+00
1.850672289929577996e+00
1.860000000000008979e+00
1.870000000000006990e+00
1.880000000000006111e+00
1.890000000000005009e+00
1.900000000000003908e+00
1.910000000000001918e+00
1.800000000000000044e+00
1.899999999999999911e+00
1.790576248511063007e+00
1.800589968713707023e+00
1.809999999999998943e+00
1.820250071316956042e+00
1.830493927295200995e+00
1.840000000000008962e+00
1.850000000000006972e+00
1.860000000000004983e+00
1.870000000000004103e+00
1.880000000000003002e+00
1.890000000000001013e+00
1.780000000000000027e+00
1.879999999999999893e+00
1.770493927295200942e+00
1.781044896544007106e+00
1.790063234267293968e+00
1.799796195112280950e+00
1.810000000000004938e+00
1.820000000000008944e+00
1.830000000000006954e+00
1.840000000000004965e+00
1.850000000000002975e+00
1.860000000000002096e+00
1.870000000000000995e+00
1.760000000000000009e+00
1.860000000000000098e+00
1.750030000443103972e+00
1.760000000000027987e+00
1.769941199131541909e+00
1.778957792384616932e+00
1.789506072704815098e+00
1.800000000000010036e+00
1.810000000000006937e+00
1.820000000000004059e+00
1.830000000000002958e+00
1.840000000000000968e+00
1.850000000000000089e+00
1.739999999999999991e+00
1.840000000000000080e+00
1.729999999999999982e+00
1.740000000000027969e+00
1.750000000000023981e+00
1.759506072704823065e+00
1.769341430273086102e+00
1.780000000000010019e+00
1.790000000000006919e+00
1.800000000000002931e+00
1.810000000000000053e+00
1.820000000000000062e+00
1.830000000000000071e+00
1.719999999999999973e+00
1.820000000000000062e+00
1.709999999999999964e+00
1.720000000000019069e+00
1.730000000000023963e+00
1.740000000000017977e+00
1.750000000000013989e+00
1.760000000000010001e+00
1.770000000000006013e+00
1.780000000000002025e+00
1.789999999999998037e+00
1.799999999999994049e+00
1.809999999999996945e+00
1.699999999999999956e+00
1.800000000000000044e+00
1.689999999999999947e+00
1.700000000000011946e+00
1.710000000000023057e+00
1.720000000000017071e+00
1.730000000000011973e+00
1.740000000000009095e+00
1.750000000000005107e+00
1.760000000000002007e+00
1.769999999999996909e+00
1.779999999999992921e+00
1.789999999999996039e+00
1.679999999999999938e+00
1.780000000000000027e+00
1.669999999999999041e+00
1.680000000000003046e+00
1.690000000000019931e+00
1.700000000000015943e+00
1.710000000000011067e+00
1.720000000000009077e+00
1.730000000000005977e+00
1.740000000000001990e+00
1.749999999999998890e+00
1.759999999999996012e+00
1.769999999999996909e+00
1.659999999999999920e+00
1.760000000000000009e+00
1.649999999999999911e+00
1.660000000000011022e+00
1.670000000000019913e+00
1.680000000000013927e+00
1.690000000000011937e+00
1.700000000000009948e+00
1.710000000000005960e+00
1.720000000000001972e+00
1.729999999999999982e+00
1.739999999999999103e+00
1.749999999999998002e+00
1.639999999999999902e+00
1.739999999999999991e+00
1.629969999556901916e+00
1.640000000000024993e+00
1.650000000000019895e+00
1.660000000000015019e+00
1.670000000000011031e+00
1.680000000000009042e+00
1.690000000000005942e+00
1.700000000000003064e+00
1.709999999999999964e+00
1.719999999999999973e+00
1.729999999999999982e+00
1.620000000000000107e+00
1.719999999999999973e+00
1.609647194789145974e+00
1.619783256052865994e+00
1.630000000000020099e+00
1.640000000000013003e+00
1.650000000000011013e+00
1.660000000000009024e+00
1.670000000000005924e+00
1.680000000000003046e+00
1.689999999999999947e+00
1.699999999999999956e+00
1.709999999999999964e+00
1.600000000000000089e+00
1.699999999999999956e+00
1.589628142985124892e+00
1.599576269266288930e+00
1.609506072704814938e+00
1.620000000000012097e+00
1.630000000000010996e+00
1.640000000000009894e+00
1.650000000000007017e+00
1.660000000000001918e+00
1.669999999999999041e+00
1.680000000000001048e+00
1.690000000000001057e+00
1.580000000000000071e+00
1.679999999999999938e+00
1.569651077037850007e+00
1.578894316817464061e+00
1.589410031286307978e+00
1.599917678784146036e+00
1.609986279797366082e+00
1.620000000000008988e+00
1.630000000000006999e+00
1.640000000000001013e+00
1.649999999999999023e+00
1.659999999999997922e+00
1.670000000000003926e+00
1.560000000000000053e+00
1.659999999999999920e+00
1.549012145409611074e+00
1.559397606360604094e+00
1.569882997160801930e+00
1.579887951678417890e+00
1.589965318376659997e+00
1.600000000000008971e+00
1.610000000000006093e+00
1.620000000000002993e+00
1.629999999999997895e+00
1.639999999999997904e+00
1.650000000000005906e+00
1.540000000000000036e+00
1.639999999999999902e+00
1.529527362155290060e+00
1.539464892038524102e+00
1.549480209699370947e+00
1.559961824806544994e+00
1.570000000000010942e+00
1.580000000000008953e+00
1.590000000000006075e+00
1.600000000000002087e+00
1.609999999999998099e+00
1.619999999999995000e+00
1.629999999999997895e+00
1.520000000000000018e+00
1.620000000000000107e+00
1.509794080308008990e+00
1.518893055175595030e+00
1.529403941946541057e+00
1.539907005750992930e+00
1.550000000000004041e+00
1.560000000000008047e+00
1.570000000000006057e+00
1.580000000000002069e+00
1.589999999999998082e+00
1.599999999999994094e+00
1.609999999999994991e+00
1.500000000000000000e+00
1.600000000000000089e+00
1.489871426672431109e+00
1.500000000000029088e+00
1.509881516649371980e+00
1.519885157949597998e+00
1.529965360616770020e+00
1.540000000000006919e+00
1.550000000000006040e+00
1.560000000000002052e+00
1.569999999999998064e+00
1.579999999999994964e+00
1.589999999999996971e+00
1.479999999999999982e+00
1.580000000000000071e+00
1.469942693031143000e+00
1.480000000000027960e+00
1.489993172509848085e+00
1.499961112433171095e+00
1.510000000000010889e+00
1.520000000000008900e+00
1.530000000000006022e+00
1.540000000000002034e+00
1.549999999999998046e+00
1.559999999999994058e+00
1.569999999999998952e+00
1.459999999999999964e+00
1.560000000000000053e+00
1.449647194789142945e+00
1.459778532186311928e+00
1.469999373235721940e+00
1.479992380823845988e+00
1.489992248876176095e+00
1.500000000000009992e+00
1.510000000000006004e+00
1.520000000000002016e+00
1.529999999999998028e+00
1.539999999999994929e+00
1.549999999999994937e+00
1.439999999999999947e+00
1.540000000000000036e+00
1.429651994932408021e+00
1.439576192871641958e+00
1.449505739190193099e+00
1.459998625676601991e+00
1.470000000000009965e+00
1.480000000000009974e+00
1.490000000000007097e+00
1.500000000000003109e+00
1.509999999999998899e+00
1.519999999999996021e+00
1.529999999999996918e+00
1.419999999999999929e+00
1.520000000000000018e+00
1.409794286943730990e+00
1.418894294989929028e+00
1.429409928260588103e+00
1.439917394144472951e+00
1.450000000000001954e+00
1.460000000000007958e+00
1.470000000000007079e+00
1.480000000000003979e+00
1.489999999999997105e+00
1.499999999999988010e+00
1.509999999999996900e+00
1.399999999999999911e+00
1.500000000000000000e+00
1.389871426672429022e+00
1.400000000000027001e+00
1.409882969221365911e+00
1.419887887067518006e+00
1.429967546868669892e+00
1.440000000000007052e+00
1.450000000000007061e+00
1.460000000000003961e+00
1.469999999999995977e+00
1.479999999999989990e+00
1.489999999999989111e+00
1.379999999999999893e+00
1.479999999999999982e+00
1.370000000000000107e+00
1.379977345905673891e+00
1.389993265766142017e+00
1.399961809381490063e+00
1.410000000000011022e+00
1.420000000000009921e+00
1.430000000000005933e+00
1.440000000000003944e+00
1.450000000000001066e+00
1.459999999999991971e+00
1.469999999999985985e+00
1.360000000000000098e+00
1.459999999999999964e+00
1.350000000000000089e+00
1.360000000000026077e+00
1.369999382995416903e+00
1.379992512524615078e+00
1.389992386984358008e+00
1.400000000000009903e+00
1.410000000000007025e+00
1.420000000000003926e+00
1.430000000000005045e+00
1.440000000000019043e+00
1.449999999999997069e+00
1.340000000000000080e+00
1.439999999999999947e+00
1.329969999556902094e+00
1.340000000000026947e+00
1.350000000000020073e+00
1.359998649253348013e+00
1.370000000000012097e+00
1.380000000000010107e+00
1.390000000000007008e+00
1.400000000000003908e+00
1.410000000000001918e+00
1.420000000000001039e+00
1.430000000000001048e+00
1.320000000000000062e+00
1.419999999999999929e+00
1.309647194789139935e+00
1.319783254760759972e+00
1.330000000000020055e+00
1.339999774875570981e+00
1.349999737354826923e+00
1.360000000000010090e+00
1.370000000000006990e+00
1.380000000000003890e+00
1.390000000000001901e+00
1.399999999999999023e+00
1.409999999999999920e+00
1.300000000000000044e+00
1.399999999999999911e+00
1.289628142641279007e+00
1.299576267767120097e+00
1.309506066451350925e+00
1.319999962479273092e+00
1.330000000000010063e+00
1.340000000000010072e+00
1.350000000000006972e+00
1.360000000000004095e+00
1.370000000000002105e+00
1.379999999999999893e+00
1.389999999999999902e+00
1.280000000000000027e+00
1.379999999999999893e+00
1.269651076957289959e+00
1.278894316334121983e+00
1.289410029028106086e+00
1.299917671488445059e+00
1.309986272327958945e+00
1.320000000000008944e+00
1.330000000000006954e+00
1.340000000000004077e+00
1.350000000000002087e+00
1.360000000000000098e+00
1.369999999999998996e+00
1.260000000000000009e+00
1.360000000000000098e+00
1.249012145409595043e+00
1.259397606125340907e+00
1.269882996519049012e+00
1.279887950086100012e+00
1.289965315650422051e+00
1.300000000000008038e+00
1.310000000000006937e+00
1.320000000000004059e+00
1.330000000000002069e+00
1.340000000000000968e+00
1.350000000000000089e+00
1.239999999999999991e+00
1.340000000000000080e+00
1.229527362147383007e+00
1.239464892001642005e+00
1.249480209530346997e+00
1.259961824434199906e+00
1.270000000000010010e+00
1.280000000000008908e+00
1.290000000000006919e+00
1.300000000000004929e+00
1.310000000000002052e+00
1.320000000000000062e+00
1.330000000000000071e+00
1.219999999999999973e+00
1.320000000000000062e+00
1.209794080306501929e+00
1.218893055166557993e+00
1.229403941903324027e+00
1.239907005660765948e+00
1.250000000000005107e+00
1.260000000000008891e+00
1.270000000000008011e+00
1.280000000000004912e+00
1.290000000000002034e+00
1.300000000000000933e+00
1.310000000000000053e+00
1.199999999999999956e+00
1.300000000000000044e+00
1.189871426672429067e+00
1.200000000000025935e+00
1.209881516638461996e+00
1.219885157927357966e+00
1.229965360598026081e+00
1.240000000000007985e+00
1.250000000000007994e+00
1.260000000000004894e+00
1.270000000000002016e+00
1.280000000000000915e+00
1.290000000000000036e+00
1.179999999999999938e+00
1.280000000000000027e+00
1.169999999999999929e+00
1.179977328736210973e+00
1.189993172509133945e+00
1.199961112427645915e+00
1.210000000000011955e+00
1.220000000000009965e+00
1.230000000000007088e+00
1.240000000000005098e+00
1.250000000000001998e+00
1.260000000000000897e+00
1.270000000000000018e+00
1.159999999999999920e+00
1.260000000000000009e+00
1.149999999999999911e+00
1.160000000000027010e+00
1.169999373235647955e+00
1.179992380822806997e+00
1.189992248875082925e+00
1.200000000000011058e+00
1.210000000000007958e+00
1.220000000000005080e+00
1.230000000000001981e+00
1.240000000000001101e+00
1.250000000000000000e+00
1.139999999999999902e+00
1.239999999999999991e+00
1.129999999999999893e+00
1.140000000000011005e+00
1.150000000000021005e+00
1.159998625676418982e+00
1.170000000000013030e+00
1.180000000000011040e+00
1.190000000000007940e+00
1.200000000000005063e+00
1.210000000000001963e+00
1.220000000000001084e+00
1.229999999999999982e+00
1.120000000000000107e+00
1.219999999999999973e+00
1.110000000000000098e+00
1.120000000000012985e+00
1.130000000000020988e+00
1.139999770946084068e+00
1.149999732770424998e+00
1.160000000000011022e+00
1.170000000000007923e+00
1.180000000000005045e+00
1.190000000000001945e+00
1.200000000000001066e+00
1.209999999999999964e+00
1.100000000000000089e+00
1.199999999999999956e+00
1.090000000000000080e+00
1.100000000000016964e+00
1.110000000000020970e+00
1.119999961824361012e+00
1.130000000000012994e+00
1.140000000000011005e+00
1.150000000000007905e+00
1.160000000000005027e+00
1.170000000000001927e+00
1.180000000000001048e+00
1.189999999999999947e+00
1.080000000000000071e+00
1.179999999999999938e+00
1.070000000000000062e+00
1.080000000000018057e+00
1.090000000000020952e+00
1.099999993637406970e+00
1.109999992576969019e+00
1.120000000000010987e+00
1.130000000000008109e+00
1.140000000000005009e+00
1.150000000000003020e+00
1.160000000000001030e+00
1.169999999999999929e+00
1.060000000000000053e+00
1.159999999999999920e+00
1.050000000000000044e+00
1.060000000000018039e+00
1.070000000000020934e+00
1.079999998939582095e+00
1.090000000000012959e+00
1.100000000000010969e+00
1.110000000000008091e+00
1.120000000000004992e+00
1.130000000000003002e+00
1.139999999999999902e+00
1.149999999999999023e+00
1.040000000000000036e+00
1.139999999999999902e+00
1.030000000000000027e+00
1.040000000000018021e+00
1.050000000000020917e+00
1.059999999823276973e+00
1.069999999793818102e+00
1.080000000000010951e+00
1.090000000000008074e+00
1.100000000000004974e+00
1.110000000000000098e+00
1.119999999999993889e+00
1.129999999999995008e+00
1.020000000000000018e+00
1.120000000000000107e+00
1.010000000000000009e+00
1.020000000000018003e+00
1.030000000000020899e+00
1.039999999970560030e+00
1.050000000000012923e+00
1.060000000000010933e+00
1.070000000000008056e+00
1.080000000000004956e+00
1.090000000000000080e+00
1.099999999999992983e+00
1.109999999999994991e+00
1.000000000000000000e+00
1.100000000000000089e+00
9.899999999999999911e-01
1.000000000000009992e+00
1.010000000000021103e+00
1.019999999995107043e+00
1.029999999994285931e+00
1.040000000000010916e+00
1.050000000000008038e+00
1.060000000000004938e+00
1.070000000000000062e+00
1.079999999999994964e+00
1.089999999999996971e+00
9.799999999999999822e-01
1.080000000000000071e+00
9.699999999999999734e-01
9.800000000000130829e-01
9.900000000000209743e-01
9.999999999991983080e-01
1.010000000000013110e+00
1.020000000000010898e+00
1.030000000000008020e+00
1.040000000000004921e+00
1.050000000000002043e+00
1.059999999999998055e+00
1.069999999999998064e+00
9.599999999999999645e-01
1.060000000000000053e+00
9.499999999999999556e-01
9.600000000000173950e-01
9.700000000000209566e-01
9.799999999998801892e-01
9.899999999998545519e-01
1.000000000000011102e+00
1.010000000000008002e+00
1.020000000000004903e+00
1.030000000000002025e+00
1.040000000000000036e+00
1.049999999999998934e+00
9.399999999999999467e-01
1.040000000000000036e+00
9.299999999999999378e-01
9.400000000000098277e-01
9.500000000000209388e-01
9.599999999999937472e-01
9.700000000000129630e-01
9.800000000000113065e-01
9.900000000000083178e-01
1.000000000000005107e+00
1.010000000000002007e+00
1.020000000000000018e+00
1.029999999999998916e+00
9.199999999999999289e-01
1.020000000000000018e+00
9.099999999999999201e-01
9.200000000000130296e-01
9.300000000000209210e-01
9.400000000000128253e-01
9.500000000000092815e-01
9.600000000000112887e-01
9.700000000000083000e-01
9.800000000000053113e-01
9.900000000000017675e-01
9.999999999999994449e-01
1.009999999999998899e+00
8.999999999999999112e-01
1.000000000000000000e+00
8.900000000000000133e-01
9.000000000000091260e-01
9.100000000000210143e-01
9.200000000000152500e-01
9.300000000000130385e-01
9.400000000000113820e-01
9.500000000000082823e-01
9.600000000000050715e-01
9.699999999999991962e-01
9.799999999999913225e-01
9.899999999999937739e-01
8.799999999999998934e-01
9.799999999999999822e-01
8.699999999999999956e-01
8.800000000000129941e-01
8.900000000000211076e-01
9.000000000000164535e-01
9.100000000000137979e-01
9.200000000000113642e-01
9.300000000000083755e-01
9.400000000000049427e-01
9.499999999999994005e-01
9.599999999999906386e-01
9.699999999999787681e-01
8.600000000000000977e-01
9.599999999999999645e-01
8.499999999999999778e-01
8.600000000000093126e-01
8.700000000000212008e-01
8.800000000000158806e-01
8.900000000000132250e-01
9.000000000000114575e-01
9.100000000000084688e-01
9.200000000000052580e-01
9.300000000000014921e-01
9.399999999999950617e-01
9.499999999999940714e-01
8.400000000000000799e-01
9.399999999999999467e-01
8.300000000000000711e-01
8.400000000000131806e-01
8.500000000000212941e-01
8.600000000000167510e-01
8.700000000000137623e-01
8.800000000000115508e-01
8.900000000000084510e-01
9.000000000000054623e-01
9.100000000000023626e-01
9.199999999999992628e-01
9.299999999999999378e-01
8.200000000000000622e-01
9.200000000000000400e-01
8.100000000000001643e-01
8.200000000000093880e-01
8.300000000000213873e-01
8.400000000000169553e-01
8.500000000000134115e-01
8.600000000000116440e-01
8.700000000000085443e-01
8.800000000000055556e-01
8.900000000000024558e-01
8.999999999999993561e-01
9.099999999999979217e-01
8.000000000000000444e-01
9.000000000000000222e-01
7.900000000000000355e-01
8.000000000000133671e-01
8.100000000000213696e-01
8.200000000000170486e-01
8.300000000000140599e-01
8.400000000000116263e-01
8.500000000000086375e-01
8.600000000000056488e-01
8.700000000000026601e-01
8.800000000000001155e-01
8.899999999999994582e-01
7.800000000000000266e-01
8.800000000000000044e-01
7.700000000000001288e-01
7.800000000000177902e-01
7.900000000000215739e-01
8.000000000000171418e-01
8.100000000000135980e-01
8.200000000000118305e-01
8.300000000000087308e-01
8.400000000000056311e-01
8.500000000000029754e-01
8.600000000000008749e-01
8.699999999999996625e-01
7.600000000000000089e-01
8.599999999999999867e-01
7.500000000000000000e-01
7.600000000000102229e-01
7.700000000000215561e-01
7.800000000000171241e-01
7.900000000000144684e-01
8.000000000000118128e-01
8.100000000000087130e-01
8.200000000000057243e-01
8.300000000000027356e-01
8.400000000000005240e-01
8.500000000000000888e-01
7.399999999999999911e-01
8.399999999999999689e-01
7.299999999999999822e-01
7.400000000000133138e-01
7.500000000000215383e-01
7.600000000000162181e-01
7.700000000000136735e-01
7.800000000000117950e-01
7.900000000000088063e-01
8.000000000000055955e-01
8.100000000000027178e-01
8.199999999999996181e-01
8.299999999999988498e-01
7.199999999999999734e-01
8.199999999999999512e-01
7.099999999999999645e-01
7.200000000000175149e-01
7.300000000000214095e-01
7.400000000000170886e-01
7.500000000000140998e-01
7.600000000000118883e-01
7.700000000000088995e-01
7.800000000000057998e-01
7.899999999999998135e-01
7.999999999999907185e-01
8.099999999999928368e-01
6.999999999999999556e-01
8.000000000000000444e-01
6.899999999999999467e-01
7.000000000000099476e-01
7.100000000000212808e-01
7.200000000000170708e-01
7.300000000000136380e-01
7.400000000000118705e-01
7.500000000000088818e-01
7.600000000000057820e-01
7.700000000000017941e-01
7.799999999999908118e-01
7.899999999999662847e-01
6.799999999999999378e-01
7.800000000000000266e-01
6.699999999999999289e-01
6.800000000000029354e-01
6.900000000000212630e-01
7.000000000000170530e-01
7.100000000000141753e-01
7.200000000000118527e-01
7.300000000000088640e-01
7.400000000000058753e-01
7.500000000000046629e-01
7.599999999999975664e-01
7.699999999999859179e-01
6.599999999999999201e-01
7.600000000000000089e-01
6.500000000000001332e-01
6.600000000000005862e-01
6.700000000000212452e-01
6.800000000000171463e-01
6.900000000000137135e-01
7.000000000000119460e-01
7.100000000000088463e-01
7.200000000000059686e-01
7.300000000000066436e-01
7.400000000000073186e-01
7.500000000000022204e-01
6.399999999999999023e-01
7.399999999999999911e-01
6.300000000000001155e-01
6.400000000000014566e-01
6.500000000000214495e-01
6.600000000000172395e-01
6.700000000000145839e-01
6.800000000000119282e-01
6.900000000000088285e-01
7.000000000000059508e-01
7.100000000000064038e-01
7.200000000000092992e-01
7.300000000000045342e-01
6.200000000000001066e-01
7.199999999999999734e-01
6.100000000000005418e-01
6.200000000000008837e-01
6.300000000000214317e-01
6.400000000000165556e-01
6.500000000000139000e-01
6.600000000000120215e-01
6.700000000000089218e-01
6.800000000000058220e-01
6.900000000000029443e-01
7.000000000000111688e-01
7.100000000000081801e-01
6.000000000000000888e-01
6.999999999999999556e-01
5.900000000000000799e-01
6.000000000000120792e-01
6.100000000000216360e-01
6.200000000000172040e-01
6.300000000000142153e-01
6.400000000000121148e-01
6.500000000000089040e-01
6.600000000000056932e-01
6.700000000000025935e-01
6.800000000000006040e-01
6.900000000000034994e-01
5.800000000000000711e-01
6.800000000000000488e-01
5.700000000000000622e-01
5.800000000000277156e-01
5.900000000000216183e-01
6.000000000000161871e-01
6.100000000000134204e-01
6.200000000000120970e-01
6.300000000000087752e-01
6.400000000000056755e-01
6.500000000000027978e-01
6.599999999999998090e-01
6.700000000000003730e-01
5.600000000000000533e-01
6.600000000000000311e-01
5.500000000000002665e-01
5.599999999998207523e-01
5.699999917426130658e-01
5.800000000000147260e-01
5.900000000000098499e-01
6.000000000000109690e-01
6.100000000000088685e-01
6.200000000000049916e-01
6.300000000000027800e-01
6.400000000000003464e-01
6.499999999999994671e-01
5.400000000000000355e-01
6.400000000000000133e-01
5.300000000000000266e-01
5.400000000000148015e-01
5.499998096702680694e-01
5.599999120038759992e-01
5.699999853339895450e-01
5.800000000000101741e-01
5.900000000000085176e-01
6.000000000000048628e-01
6.100000000000017630e-01
6.200000000000009948e-01
6.300000000000001155e-01
5.200000000000000178e-01
6.199999999999999956e-01
5.099699995569011435e-01
5.199861529082803191e-01
5.299974426642335423e-01
5.399981703115074305e-01
5.500000000000146994e-01
5.600000000000113776e-01
5.700000000000083888e-01
5.800000000000050671e-01
5.900000000000011902e-01
6.000000000000003109e-01
6.100000000000003197e-01
5.000000000000000000e-01
5.999999999999999778e-01
4.896471947891402055e-01
4.997556071622364926e-01
5.099494752285160803e-01
5.199915792047614671e-01
5.299993774001753311e-01
5.400000000000123590e-01
5.500000000000090372e-01
5.600000000000057154e-01
5.700000000000015055e-01
5.799999999999985167e-01
5.899999999999983036e-01
4.799999999999999822e-01
5.799999999999999600e-01
4.696310010069406071e-01
4.795749918033441750e-01
4.894058286872369212e-01
5.000000000000068834e-01
5.100000000000095568e-01
5.200000000000131184e-01
5.300000000000126832e-01
5.400000000000120259e-01
5.500000000000049294e-01
5.599999999999873967e-01
5.699999999999906253e-01
4.600000000000000200e-01
5.600000000000000533e-01
4.496537092655374934e-01
4.589101101836214891e-01
4.694868171600509732e-01
4.799117187345742219e-01
4.899852864557701082e-01
5.000000000000121014e-01
5.100000000000204370e-01
5.200000000000235545e-01
5.300000000000262279e-01
5.400000000000059197e-01
5.499999999999894973e-01
4.399999999999998912e-01
5.400000000000000355e-01
4.290121454095880971e-01
4.393919859767145830e-01
4.499009714841438745e-01
4.599834952473644822e-01
4.699800834062894950e-01
4.800000000000089750e-01
4.900000000000093170e-01
5.000000000000353051e-01
5.100000000000441958e-01
5.200000000000197797e-01
5.300000000000006928e-01
4.199999999999998734e-01
5.200000000000000178e-01
4.095075194436723076e-01
4.194691506125903802e-01
4.294058289048052757e-01
4.400000000000072742e-01
4.500000000000077827e-01
4.600000000000111222e-01
4.700000000000091882e-01
4.800000000000064770e-01
4.900000000000496736e-01
5.000000000000351941e-01
5.100000000000066702e-01
3.999999999999999112e-01
5.000000000000000000e-01
3.896537094356364861e-01
3.989101112042184871e-01
4.094868181569141230e-01
4.199117190431274071e-01
4.299852865071949748e-01
4.400000000000099942e-01
4.500000000000093925e-01
4.600000000000074030e-01
4.700000000000084110e-01
4.800000000000442801e-01
4.900000000000144240e-01
3.799999999999998934e-01
4.799999999999999822e-01
3.690121454095863229e-01
3.793920009339373234e-01
3.899009766108755826e-01
3.999834961018199908e-01
4.099800836086950895e-01
4.200000000000086997e-01
4.300000000000089861e-01
4.400000000000066080e-01
4.500000000000040079e-01
4.600000000000036837e-01
4.699999999999999178e-01
3.600000000000000977e-01
4.600000000000000200e-01
3.495075562784646928e-01
3.594692032781099944e-01
3.694058596651971782e-01
3.800000000000083866e-01
3.900000000000086176e-01
4.000000000000105138e-01
4.100000000000086908e-01
4.200000000000065903e-01
4.300000000000037126e-01
4.400000000000012790e-01
4.500000000000000111e-01
3.400000000000000799e-01
4.400000000000000022e-01
3.296537334846695866e-01
3.389102554984220750e-01
3.494869590954399197e-01
3.599117626669579018e-01
3.699852937778341233e-01
3.800000000000102185e-01
3.900000000000091172e-01
4.000000000000071276e-01
4.100000000000055267e-01
4.200000000000034817e-01
4.300000000000006040e-01
3.200000000000001177e-01
4.199999999999999845e-01
3.090121454095847153e-01
3.193941028829975770e-01
3.299017014375821844e-01
3.399836169062721014e-01
3.499801122251828267e-01
3.600000000000094236e-01
3.700000000000093214e-01
3.800000000000071099e-01
3.900000000000100053e-01
4.000000000000110134e-01
4.100000000000066924e-01
2.999999999999999889e-01
4.000000000000000222e-01
2.895401293439670010e-01
2.994765728422876805e-01
3.094102086254387207e-01
3.200000000000093880e-01
3.300000000000111733e-01
3.400000000000110156e-01
3.500000000000094147e-01
3.600000000000074252e-01
3.700000000000103206e-01
3.800000000000192113e-01
3.900000000000186096e-01
2.800000000000000266e-01
3.800000000000000044e-01
2.698217225445632139e-01
2.789303352673663250e-01
2.895067477513247889e-01
2.999180677725272193e-01
3.099863446287636215e-01
3.200000000000111089e-01
3.300000000000097855e-01
3.400000000000076850e-01
3.500000000000055844e-01
3.600000000000175837e-01
3.700000000000472911e-01
2.600000000000000089e-01
3.599999999999999867e-01
2.500000000000042188e-01
2.598037738392571239e-01
2.700023913953725208e-01
2.800016588837959119e-01
2.899843452141867006e-01
3.000000000000107025e-01
3.100000000000094902e-01
3.200000000000073896e-01
3.300000000000056222e-01
3.400000000000054090e-01
3.500000000000115796e-01
2.399999999999999911e-01
3.400000000000000244e-01
2.301843983397230120e-01
2.400614073634008971e-01
2.500067864648357063e-01
2.600075619073596855e-01
2.700000000000108979e-01
2.800000000000117950e-01
2.900000000000094724e-01
3.000000000000064837e-01
3.100000000000049938e-01
3.200000000000033928e-01
3.300000000000031797e-01
2.200000000000000011e-01
3.200000000000000067e-01
2.104685416742503867e-01
2.211063900383251901e-01
2.301178403203877898e-01
2.400385849792817938e-01
2.500076911477813191e-01
2.600000000000113887e-01
2.700000000000096212e-01
2.800000000000070766e-01
2.900000000000043099e-01
3.000000000000024869e-01
3.100000000000021072e-01
2.000000000000000111e-01
2.999999999999999889e-01
1.909878545904218072e-01
2.005326070770326041e-01
2.105933723670301017e-01
2.201136695552597111e-01
2.300266576137262875e-01
2.400000000000110101e-01
2.500000000000098255e-01
2.600000000000072253e-01
2.700000000000045142e-01
2.800000000000021916e-01
2.900000000000009792e-01
1.799999999999999101e-01
2.800000000000000266e-01
1.703388096337848101e-01
1.805788407811075025e-01
1.905080254664086870e-01
2.000886449644823928e-01
2.100000000000117051e-01
2.200000000000116029e-01
2.300000000000101963e-01
2.400000000000077904e-01
2.500000000000049960e-01
2.600000000000021738e-01
2.700000000000010725e-01
1.599999999999998923e-01
2.600000000000000089e-01
1.504005127587101920e-01
1.610450032122764941e-01
1.700607447067206124e-01
1.800238443204409122e-01
1.900000000000119094e-01
2.000000000000116962e-01
2.100000000000107891e-01
2.200000000000091882e-01
2.300000000000068934e-01
2.400000000000034051e-01
2.500000000000007216e-01
1.399999999999999023e-01
2.399999999999999911e-01
1.304939272952098939e-01
1.414865670318936897e-01
1.502821470244082025e-01
1.600823212158790920e-01
1.700176942560613913e-01
1.800000000000119005e-01
1.900000000000109934e-01
2.000000000000103917e-01
2.100000000000084022e-01
2.200000000000051081e-01
2.300000000000023137e-01
1.200000000000001066e-01
2.200000000000000011e-01
1.100823212158685976e-01
1.205899687137256954e-01
1.329635637712628937e-01
1.404939272952195062e-01
1.500000000000117073e-01
1.600000000000121880e-01
1.700000000000113087e-01
1.800000000000105960e-01
1.900000000000107991e-01
2.000000000000063949e-01
2.100000000000029066e-01
1.000000000000001027e-01
2.000000000000000111e-01
9.000357148132209772e-02
1.001498206274176045e-01
1.104741003357097018e-01
1.200000000000103068e-01
1.300000000000111899e-01
1.400000000000118927e-01
1.500000000000110134e-01
1.600000000000121880e-01
1.700000000000113087e-01
1.800000000000099021e-01
1.900000000000044986e-01
8.000000000000007105e-02
1.799999999999999933e-01
7.000000000000028422e-02
7.996396519342230391e-02
8.978499682445584273e-02
9.950607270480116284e-02
1.100000000000111028e-01
1.200000000000113060e-01
1.300000000000109956e-01
1.400000000000110878e-01
1.500000000000182021e-01
1.600000000000179889e-01
1.700000000000073119e-01
6.000000000000005329e-02
1.600000000000000033e-01
5.081997699154572334e-02
6.000000000000393907e-02
6.999522285474968353e-02
7.991767878414324233e-02
9.000000000001162626e-02
1.000000000000117045e-01
1.100000000000113942e-01
1.200000000000143036e-01
1.300000000000260114e-01
1.400000000000284073e-01
1.500000000000119016e-01
4.000000000000004247e-02
1.400000000000000133e-01
3.108881091785243092e-02
4.459563634515362196e-02
5.020322000709830784e-02
5.998399309692514780e-02
6.998627979736760096e-02
7.999771329957161559e-02
9.000000000001184830e-02
1.000000000000118988e-01
1.100000000000141975e-01
1.200000000000267936e-01
1.300000000000172129e-01
2.000000000000002123e-02
1.199999999999999956e-01
1.464101615137814068e-02
3.239534443674196851e-02
3.713542563170869198e-02
5.033805872337149268e-02
6.002127057496021295e-02
7.000000000001249667e-02
8.000000000001250555e-02
9.000000000001251443e-02
1.000000000000112049e-01
1.100000000000150996e-01
0.000000000000000000e+00
1.597836517649187105e-02
1.000000000000000056e-01
0.000000000000000000e+00
1.774501955297825076e-02
3.216505553625038233e-02
3.995535145769812946e-02
4.985022017174033787e-02
6.000000000001293188e-02
6.999015792366325428e-02
8.000000000001050715e-02
9.000000000000696332e-02
0.000000000000000000e+00
1.732050807568819017e-02
8.000000000000000167e-02
0.000000000000000000e+00
1.880544819264496140e-02
2.963598588517402099e-02
3.947156295114174346e-02
4.991192715853565165e-02
6.002902038339474888e-02
7.000000000000472511e-02
0.000000000000000000e+00
5.999999999999999778e-02
1.305125270618535081e-02
0.000000000000000000e+00
1.777086041433861840e-02
3.000000000001468159e-02
4.011423830841354121e-02
5.014795683338901799e-02
4.000000000000000083e-02
0.000000000000000000e+00
1.335589325730702007e-02
1.841803096762240077e-02
3.077350269190148868e-02
0.000000000000000000e+00
2.000000000000000042e-02
0.000000000000000000e+00
1.464101615137814068e-02
0.000000000000000000e+00
0.000000000000000000e+00
