2.000000000000000111e-01
1.854608147088971093e-01
2.000000000000000111e-01
1.800000000000001044e-01
1.845703898226614126e-01
1.693457994184950077e-01
1.600000000000000866e-01
2.000000000000000111e-01
1.500000000000001055e-01
1.400000000000002076e-01
1.831019285308743971e-01
1.694100533704850919e-01
1.542755974669335062e-01
1.302906241247334951e-01
2.000000000000000111e-01
1.405602166814531040e-01
1.200000000000002037e-01
1.826794919243112103e-01
1.692820323027499074e-01
1.558845726811964039e-01
1.387432350692436867e-01
1.101537609998444051e-01
1.238106920249992943e-01
1.000000000000001027e-01
2.000000000000000111e-01
9.063194187433255833e-02
8.000000000000014044e-02
1.826794919243102944e-01
1.692820323027516005e-01
1.558845726811997900e-01
1.385640646055087966e-01
1.203824556991612976e-01
1.015503315086103975e-01
6.939697073528551530e-02
2.000000000000000111e-01
8.353642420341239605e-02
6.000000000000010186e-02
1.826794919243112103e-01
1.692820323027514895e-01
1.558845726811994015e-01
1.385640646055102121e-01
1.212435565298206064e-01
1.033353871801808016e-01
8.631039051091582426e-02
4.810202655361373730e-02
6.928203230275659097e-02
4.000000000000004940e-02
2.902305394363357063e-02
2.000000000000002123e-02
1.464101615137824997e-02
0.000000000000000000e+00
2.000000000000000111e-01
5.397114317030252129e-02
0.000000000000000000e+00
1.832130868814373925e-01
1.692820323027519891e-01
1.558845726811985133e-01
1.385640646055109060e-01
1.212435565298222023e-01
1.039230484541329019e-01
8.660254037844361541e-02
6.928203230275525870e-02
3.600929253303938871e-02
5.229646071760654658e-02
1.632258718552328028e-02
2.000000000000000111e-01
0.000000000000000000e+00
1.836185023901734104e-01
1.692820323027557916e-01
1.558845726811962096e-01
1.385640646055091019e-01
1.212435565298218970e-01
1.039230484541338040e-01
8.660254037844432318e-02
6.928203230275495339e-02
5.201734697548993092e-02
3.469196434337656204e-02
1.722613419731297904e-02
2.000000000000000111e-01
0.000000000000000000e+00
1.831786570365190048e-01
1.674284843944764956e-01
1.535154760945887098e-01
1.382788955486685123e-01
1.211960283536818034e-01
1.039230484541344979e-01
8.660254037844537789e-02
6.928203230275584157e-02
5.196152422706613178e-02
3.465031994278198330e-02
1.731482109319341933e-02
2.000000000000000111e-01
0.000000000000000000e+00
1.826794919243110993e-01
1.657039497149674911e-01
1.501326557194100908e-01
1.364364698098325113e-01
1.207464361898431954e-01
1.039230484541349975e-01
8.660254037844675179e-02
6.928203230275750690e-02
5.196152422706769303e-02
3.464101615137828161e-02
1.732050807568898121e-02
2.000000000000000111e-01
0.000000000000000000e+00
1.831211627254636931e-01
1.657177647056561065e-01
1.480384757729333034e-01
1.348626722901168085e-01
1.203045460639653036e-01
1.039230484541382032e-01
8.660254037844888897e-02
6.928203230275910285e-02
5.196152422706953877e-02
3.464101615137964163e-02
1.732050807568997000e-02
2.000000000000000111e-01
0.000000000000000000e+00
1.836185023901751034e-01
1.674234802660752863e-01
1.501343003611634863e-01
1.349000788885411084e-01
1.196228702231675045e-01
1.039230484541417976e-01
8.660254037845142860e-02
6.928203230276105962e-02
5.196152422707119023e-02
3.464101615138071716e-02
1.732050807568998041e-02
2.000000000000000111e-01
0.000000000000000000e+00
1.832130868814383085e-01
1.692820323027540985e-01
1.535154760946031982e-01
1.364376086198937077e-01
1.203045460639720066e-01
1.039230484541454058e-01
8.660254037845467601e-02
6.928203230276304414e-02
5.196152422707268903e-02
3.464101615138288903e-02
1.732050807568953979e-02
2.000000000000000111e-01
0.000000000000000000e+00
1.826794919243112103e-01
1.692820323027582063e-01
1.558845726812221888e-01
1.382788955486889126e-01
1.207543575525473062e-01
1.039230484541491945e-01
8.660254037845831199e-02
6.928203230276697155e-02
5.196152422707524254e-02
3.464101615138447110e-02
1.732050807569191983e-02
2.000000000000000111e-01
0.000000000000000000e+00
1.826794919243104054e-01
1.692820323027670881e-01
1.558845726812279064e-01
1.385640646055359138e-01
1.212435565298449064e-01
1.039230484541535937e-01
8.660254037846286390e-02
6.928203230277134306e-02
5.196152422707916302e-02
3.464101615138710788e-02
1.732050807569460171e-02
2.000000000000000111e-01
0.000000000000000000e+00
1.826794919243112103e-01
1.692820323027741103e-01
1.558845726812378985e-01
1.385640646055407987e-01
1.212435565298494999e-01
1.039230484541586036e-01
8.660254037846759623e-02
6.928203230277622804e-02
5.196152422708529700e-02
3.464101615139440760e-02
1.732050807569776932e-02
2.000000000000000111e-01
0.000000000000000000e+00
1.826794919243114046e-01
1.692820323027839913e-01
1.558845726812377874e-01
1.385640646055462111e-01
1.212435565298528028e-01
1.039230484541627947e-01
8.660254037847200936e-02
6.928203230277714397e-02
5.196152422708603946e-02
3.464101615139535129e-02
1.732050807569695053e-02
2.000000000000000111e-01
0.000000000000000000e+00
1.826794919243114046e-01
1.692820323027811047e-01
1.558845726812471133e-01
1.385640646055522895e-01
1.212435565298582013e-01
1.039230484541660005e-01
8.660254037847575637e-02
6.928203230277997504e-02
5.196152422708104346e-02
3.464101615138225759e-02
1.732050807569402925e-02
2.000000000000000111e-01
0.000000000000000000e+00
1.834885142990144991e-01
1.692820323027763862e-01
1.558845726812561894e-01
1.385640646055588954e-01
1.212435565298626977e-01
1.039230484541694005e-01
8.660254037847936459e-02
6.928203230277951707e-02
5.196152422708118224e-02
3.464101615138150125e-02
1.732050807568986939e-02
2.000000000000000111e-01
0.000000000000000000e+00
1.843474981424874926e-01
1.696861018270028887e-01
1.558845726812652932e-01
1.385640646055709135e-01
1.212435565298700946e-01
1.039230484541732030e-01
8.660254037848286179e-02
6.928203230278748292e-02
5.196152422707330659e-02
3.464101615137728241e-02
1.732050807568879039e-02
2.000000000000000111e-01
0.000000000000000000e+00
1.850271515039401959e-01
1.701684313210687916e-01
1.549455622154050083e-01
1.385640646055806002e-01
1.212435565298776996e-01
1.039230484541771998e-01
8.660254037848658104e-02
6.928203230279710023e-02
5.196152422710661328e-02
3.464101615138250739e-02
1.732050807568842957e-02
2.000000000000000111e-01
0.000000000000000000e+00
1.852609156859700013e-01
1.703860638741148126e-01
1.554168182560770883e-01
1.384075628612775055e-01
1.212174729058364958e-01
1.039230484541840971e-01
8.660254037849039743e-02
6.928203230280027825e-02
5.196152422710888230e-02
3.464101615141681328e-02
1.732050807569112880e-02
2.000000000000000111e-01
0.000000000000000000e+00
1.852948575604300985e-01
1.701919989149107137e-01
1.551304196260654134e-01
1.384600219106771890e-01
1.211957851860134966e-01
1.039230484541937977e-01
8.660254037849507425e-02
6.928203230280374769e-02
5.196152422711299707e-02
3.464101615141942925e-02
1.732050807572469917e-02
2.000000000000000111e-01
0.000000000000000000e+00
1.851425630891574137e-01
1.702887176003413106e-01
1.547910191425425075e-01
1.384210319805816991e-01
1.212435565298995016e-01
1.039230484541966010e-01
8.660254037850065312e-02
6.928203230280854941e-02
5.196152422711740326e-02
3.464101615142219787e-02
1.732050807571074158e-02
2.000000000000000111e-01
0.000000000000000000e+00
1.848927422420673095e-01
1.703790611321056025e-01
1.553827950856810913e-01
1.383579669116550004e-01
1.212435565299256057e-01
1.039230484542024990e-01
8.660254037850481645e-02
6.928203230281189395e-02
5.196152422711439178e-02
3.464101615143123925e-02
1.732050807571898152e-02
2.000000000000000111e-01
0.000000000000000000e+00
1.830928196389957074e-01
1.692519595457616932e-01
1.551224263443531926e-01
1.384460853906933908e-01
1.211895437117709029e-01
1.039230484542151972e-01
8.660254037850946551e-02
6.928203230281743119e-02
5.196152422711736857e-02
3.464101615139984769e-02
1.732050807570749071e-02
2.000000000000000111e-01
0.000000000000000000e+00
1.838613289292266861e-01
1.692820323028159935e-01
1.555034379286958923e-01
1.384173770136424009e-01
1.212435565299218032e-01
1.039230484542146005e-01
8.660254037851589093e-02
6.928203230282176106e-02
5.196152422713039287e-02
3.464101615143960755e-02
1.732050807569487927e-02
2.000000000000000111e-01
0.000000000000000000e+00
1.843474981425050896e-01
1.696734549802247083e-01
1.555238201280765009e-01
1.384760942148637874e-01
1.212044468661313962e-01
1.039230484542098959e-01
8.660254037851977671e-02
6.928203230282697911e-02
5.196152422713572194e-02
3.464101615143216212e-02
1.732050807572127135e-02
2.000000000000000111e-01
0.000000000000000000e+00
1.849627760257749054e-01
1.701530781150160931e-01
1.548729722637078032e-01
1.384892774483144073e-01
1.212435565299384010e-01
1.039230484542118943e-01
8.660254037852128939e-02
6.928203230283110081e-02
5.196152422713769259e-02
3.464101615142912982e-02
1.732050807571799966e-02
2.000000000000000111e-01
0.000000000000000000e+00
1.848933531739263003e-01
1.703827267232017884e-01
1.554006261222717067e-01
1.383830000098263124e-01
1.212435565299787021e-01
1.039230484542273958e-01
8.660254037852464781e-02
6.928203230283469516e-02
5.196152422713964936e-02
3.464101615143592994e-02
1.732050807572539999e-02
2.000000000000000111e-01
0.000000000000000000e+00
1.830928196389992046e-01
1.692519595457880055e-01
1.551265888542290028e-01
1.384532294131723129e-01
1.211949065652317969e-01
1.039230484542327942e-01
8.660254037853033771e-02
6.928203230283824787e-02
5.196152422715122343e-02
3.464101615144717095e-02
1.732050807573017048e-02
2.000000000000000111e-01
0.000000000000000000e+00
1.826794919243109883e-01
1.692223084529468069e-01
1.555037002730766948e-01
1.384192614357425133e-01
1.212435565299583989e-01
1.039230484542223998e-01
8.660254037853461206e-02
6.928203230284184222e-02
5.196152422714467312e-02
3.464101615144871138e-02
1.732050807572714859e-02
2.000000000000000111e-01
0.000000000000000000e+00
1.826794919243112103e-01
1.692820323028466911e-01
1.555238470326590072e-01
1.384764520093174911e-01
1.212048205689127967e-01
1.039230484542404964e-01
8.660254037853587494e-02
6.928203230284578351e-02
5.196152422713976732e-02
3.464101615138936996e-02
1.732050807571837089e-02
2.000000000000000111e-01
0.000000000000000000e+00
1.834885142990299034e-01
1.692820323028512985e-01
1.558845726814065136e-01
1.384893415648333070e-01
1.212435565299711943e-01
1.039230484542466998e-01
8.660254037854130116e-02
6.928203230284897540e-02
5.196152422715832886e-02
3.464101615145862706e-02
1.732050807569724890e-02
2.000000000000000111e-01
0.000000000000000000e+00
1.843474981425199111e-01
1.696860303481909082e-01
1.558845726814155896e-01
1.385516107655495044e-01
1.212290270498023043e-01
1.039230484542361943e-01
8.660254037854542286e-02
6.928203230285263914e-02
5.196152422716156238e-02
3.464101615147135299e-02
1.732050807573537118e-02
2.000000000000000111e-01
0.000000000000000000e+00
1.850271324828204889e-01
1.701683483877972913e-01
1.549452162755312890e-01
1.385619889656939108e-01
1.212435565299866957e-01
1.039230484542368049e-01
8.660254037854567266e-02
6.928203230285476244e-02
5.196152422716447672e-02
3.464101615146614188e-02
1.732050807573506934e-02
2.000000000000000111e-01
0.000000000000000000e+00
1.852609112297869953e-01
1.703860371368187132e-01
1.554166933334348022e-01
1.384071592647309057e-01
1.212170596998112942e-01
1.039230484542592037e-01
8.660254037854886455e-02
6.928203230285816250e-02
5.196152422716285302e-02
3.464101615145064039e-02
1.732050807573750142e-02
2.000000000000000111e-01
0.000000000000000000e+00
1.852948575604796977e-01
1.701919859008405866e-01
1.551303841246343962e-01
1.384599338242170075e-01
1.211956343712135981e-01
1.039230484542659066e-01
8.660254037855538711e-02
6.928203230285968905e-02
5.196152422716399100e-02
3.464101615144914159e-02
1.732050807571801007e-02
2.000000000000000111e-01
0.000000000000000000e+00
1.851425626522132939e-01
1.702887155605866121e-01
1.547910097927369943e-01
1.384210113826913058e-01
1.212435565300056944e-01
1.039230484542505994e-01
8.660254037856024434e-02
6.928203230286558711e-02
5.196152422716995845e-02
3.464101615147147789e-02
1.732050807574065862e-02
2.000000000000000111e-01
0.000000000000000000e+00
1.848927421589522946e-01
1.703790606332611091e-01
1.553827926956048988e-01
1.383579619204461930e-01
1.212435565300732931e-01
1.039230484542727068e-01
8.660254037855978637e-02
6.928203230286761327e-02
5.196152422717305319e-02
3.464101615147022195e-02
1.732050807573462872e-02
2.000000000000000111e-01
0.000000000000000000e+00
1.830928196390030904e-01
1.692519595458326087e-01
1.551224257410658003e-01
1.384460841605444914e-01
1.211895426749380056e-01
1.039230484542793959e-01
8.660254037856669751e-02
6.928203230287124925e-02
5.196152422717569691e-02
3.464101615147215790e-02
1.732050807572534101e-02
2.000000000000000111e-01
0.000000000000000000e+00
1.826794919243112936e-01
1.692222602375720863e-01
1.555034378893921931e-01
1.384173767081663120e-01
1.212435565300234025e-01
1.039230484542613964e-01
8.660254037857120779e-02
6.928203230287494074e-02
5.196152422717879860e-02
3.464101615147407304e-02
1.732050807573310910e-02
2.000000000000000111e-01
0.000000000000000000e+00
1.826794919243112103e-01
1.692820323028906004e-01
1.555238201240027873e-01
1.384760941574957882e-01
1.212044468057163066e-01
1.039230484542849053e-01
8.660254037856995879e-02
6.928203230287774406e-02
5.196152422718165048e-02
3.464101615147664737e-02
1.732050807572703063e-02
2.000000000000000111e-01
0.000000000000000000e+00
1.826794919243112936e-01
1.692820323029050056e-01
1.558845726814941934e-01
1.384892774381324965e-01
1.212435565300350043e-01
1.039230484542923022e-01
8.660254037857718912e-02
6.928203230288025594e-02
5.196152422718441910e-02
3.464101615147875679e-02
1.732050807573521853e-02
2.000000000000000111e-01
0.000000000000000000e+00
1.826794919243112103e-01
1.692820323029075869e-01
1.558845726815029920e-01
1.385516000778201917e-01
1.212290145807578962e-01
1.039230484542725957e-01
8.660254037858197695e-02
6.928203230288480785e-02
5.196152422718738201e-02
3.464101615148137275e-02
1.732050807572884168e-02
2.000000000000000111e-01
0.000000000000000000e+00
1.826794919243112936e-01
1.692820323029093910e-01
1.558845726815117905e-01
1.385619871844404882e-01
1.212435565300158946e-01
1.039230484542714023e-01
8.660254037858039489e-02
6.928203230288576542e-02
5.196152422719015063e-02
3.464101615148672264e-02
1.732050807574116169e-02
2.000000000000000111e-01
0.000000000000000000e+00
1.826794919243112103e-01
1.692820323029134988e-01
1.558845726815205057e-01
1.385637183688832041e-01
1.212431525869861054e-01
1.039230484542738031e-01
8.660254037858187981e-02
6.928203230288769443e-02
5.196152422718960245e-02
3.464101615146900764e-02
1.732050807575004001e-02
2.000000000000000111e-01
0.000000000000000000e+00
1.826794919243112103e-01
1.692820323029178009e-01
1.558845726815291932e-01
1.385640068996291940e-01
1.212435565300262058e-01
1.039230484542769950e-01
8.660254037858483578e-02
6.928203230288587644e-02
5.196152422718944980e-02
3.464101615146702312e-02
1.732050807572499060e-02
2.000000000000000111e-01
0.000000000000000000e+00
1.826794919243112103e-01
1.692820323029221863e-01
1.558845726815379085e-01
1.385640549880990113e-01
1.212435453093986953e-01
1.039230484542807975e-01
8.660254037858999832e-02
6.928203230289634029e-02
5.196152422719631236e-02
3.464101615148691693e-02
1.732050807575095941e-02
2.000000000000000111e-01
0.000000000000000000e+00
1.826794919243112103e-01
1.692820323029264884e-01
1.558845726815465960e-01
1.385640630028804055e-01
1.212435565300727935e-01
1.039230484542842947e-01
8.660254037859381471e-02
6.928203230290161385e-02
5.196152422720821257e-02
3.464101615151239655e-02
1.732050807576573925e-02
2.000000000000000111e-01
0.000000000000000000e+00
1.826794919243112103e-01
1.692820323029363139e-01
1.558845726815553112e-01
1.385640643386837900e-01
1.212435562183949017e-01
1.039230484543186978e-01
8.660254037859727028e-02
6.928203230290708170e-02
5.196152422721427022e-02
3.464101615150934343e-02
1.732050807575468906e-02
2.000000000000000111e-01
0.000000000000000000e+00
1.826794919243112103e-01
1.692820323029383123e-01
1.558845726815639987e-01
1.385640645612921940e-01
1.212435565300853946e-01
1.039230484543282040e-01
8.660254037860584675e-02
6.928203230291177239e-02
5.196152422720923258e-02
3.464101615151053692e-02
1.732050807574057882e-02
2.000000000000000111e-01
0.000000000000000000e+00
1.826794919243112103e-01
1.692820323029398943e-01
1.558845726815726862e-01
1.385640645983932939e-01
1.212435565214050048e-01
1.039230484543020028e-01
8.660254037861114806e-02
6.928203230291611614e-02
5.196152422721719844e-02
3.464101615149447339e-02
1.732050807575872056e-02
2.000000000000000111e-01
0.000000000000000000e+00
1.826794919243112103e-01
1.692820323029493867e-01
1.558845726815812904e-01
1.385640646045822877e-01
1.212435565300576945e-01
1.039230484542992966e-01
8.660254037860756759e-02
6.928203230291823944e-02
5.196152422722719044e-02
3.464101615148983127e-02
1.732050807576666906e-02
2.000000000000000111e-01
0.000000000000000000e+00
1.826794919243112103e-01
1.692820323029511909e-01
1.558845726815900057e-01
1.385640646056197911e-01
1.212435565298223966e-01
1.039230484543017946e-01
8.660254037861123133e-02
6.928203230292054315e-02
5.196152422722997988e-02
3.464101615149872693e-02
1.732050807573519077e-02
2.000000000000000111e-01
0.000000000000000000e+00
1.826794919243112103e-01
1.692820323029584906e-01
1.558845726815986099e-01
1.385640646058289016e-01
1.212435565300677975e-01
1.039230484543050004e-01
8.660254037861449261e-02
6.928203230292404036e-02
5.196152422722682268e-02
3.464101615151800317e-02
1.732050807576739071e-02
2.000000000000000111e-01
0.000000000000000000e+00
1.826794919243114046e-01
1.692820323029599894e-01
1.558845726816071864e-01
1.385640646058464986e-01
1.212435565300575002e-01
1.039230484543084004e-01
8.660254037861793430e-02
6.928203230292200032e-02
5.196152422719799852e-02
3.464101615152886948e-02
1.732050807579347054e-02
2.000000000000000111e-01
0.000000000000000000e+00
1.826794919243112936e-01
1.692820323029672058e-01
1.558845726816159016e-01
1.385640646059013992e-01
1.212435565301224066e-01
1.039230484543118005e-01
8.660254037862137599e-02
6.928203230292516446e-02
5.196152422721089792e-02
3.464101615141346180e-02
1.732050807573741122e-02
2.000000000000000111e-01
0.000000000000000000e+00
1.826794919243112103e-01
1.692820323029685103e-01
1.558845726816243948e-01
1.385640646059085046e-01
1.212435565301308998e-01
1.039230484543532951e-01
8.660254037862484544e-02
6.928203230293439319e-02
5.196152422723882697e-02
3.464101615155337766e-02
1.732050807568868978e-02
2.000000000000000111e-01
0.000000000000000000e+00
1.826794919243114046e-01
1.692820323029756990e-01
1.558845726816329991e-01
1.385640646058771130e-01
1.212435565301354934e-01
1.039230484543642030e-01
8.660254037863468479e-02
6.928203230293894510e-02
5.196152422721706660e-02
3.464101615153956232e-02
1.732050807580443053e-02
2.000000000000000111e-01
0.000000000000000000e+00
1.826794919243112103e-01
1.692820323029770868e-01
1.558845726816414923e-01
1.385640646058700909e-01
1.212435565301067941e-01
1.039230484543312988e-01
8.660254037864045795e-02
6.928203230292626080e-02
5.196152422718446767e-02
3.464101615142024804e-02
1.732050807574212967e-02
2.000000000000000111e-01
0.000000000000000000e+00
1.826794919243112936e-01
1.692820323029786134e-01
1.558845726816502075e-01
1.385640646058743930e-01
1.212435565300992030e-01
1.039230484543273020e-01
8.660254037863530929e-02
6.928203230294631421e-02
5.196152422721263264e-02
3.464101615145120938e-02
1.732050807568856141e-02
2.000000000000000111e-01
0.000000000000000000e+00
1.826794919243112103e-01
1.692820323029881058e-01
1.558845726816588118e-01
1.385640646058894920e-01
1.212435565300872958e-01
1.039230484543296057e-01
8.660254037863905630e-02
6.928203230294860404e-02
5.196152422725817260e-02
3.464101615149423052e-02
1.732050807570817072e-02
2.000000000000000111e-01
0.000000000000000000e+00
1.826794919243112103e-01
1.692820323029897989e-01
1.558845726816673050e-01
1.385640646059501102e-01
1.212435565301595991e-01
1.039230484543328947e-01
8.660254037864234533e-02
6.928203230295185144e-02
5.196152422726135062e-02
3.464101615152208324e-02
1.732050807575117105e-02
2.000000000000000111e-01
0.000000000000000000e+00
1.826794919243112103e-01
1.692820323029912977e-01
1.558845726816756039e-01
1.385640646059569936e-01
1.212435565301683005e-01
1.039230484543793992e-01
8.660254037864582866e-02
6.928203230295602866e-02
5.196152422725330844e-02
3.464101615154536323e-02
1.732050807578250015e-02
2.000000000000000111e-01
0.000000000000000000e+00
1.826794919243112103e-01
1.692820323030005125e-01
1.558845726816837918e-01
1.385640646059203007e-01
1.212435565301727969e-01
1.039230484543911953e-01
8.660254037865643129e-02
6.928203230296019199e-02
5.196152422726336290e-02
3.464101615153254710e-02
1.732050807583574922e-02
2.000000000000000111e-01
0.000000000000000000e+00
1.826794919243112103e-01
1.692820323030105878e-01
1.558845726816920074e-01
1.385640646059111136e-01
1.212435565301392959e-01
1.039230484543534061e-01
8.660254037866246812e-02
6.928203230296699211e-02
5.196152422727799702e-02
3.464101615152175018e-02
1.732050807572977844e-02
2.000000000000000111e-01
0.000000000000000000e+00
1.826794919243109883e-01
1.692820323030173879e-01
1.558845726816998900e-01
1.385640646059146941e-01
1.212435565301298035e-01
1.039230484543482991e-01
8.660254037865615373e-02
6.928203230296904602e-02
5.196152422727361164e-02
3.464101615157139796e-02
1.732050807579567017e-02
2.000000000000000111e-01
0.000000000000000000e+00
1.826794919243114046e-01
1.692820323030199137e-01
1.558845726817079114e-01
1.385640646059302927e-01
1.212435565301156065e-01
1.039230484543502975e-01
8.660254037865969257e-02
6.928203230296911541e-02
5.196152422727189080e-02
3.464101615157128000e-02
1.732050807579061866e-02
2.000000000000000111e-01
0.000000000000000000e+00
1.826794919243109883e-01
1.692820323030254093e-01
1.558845726817157940e-01
1.385640646059964898e-01
1.212435565301953067e-01
1.039230484543536004e-01
8.660254037866306487e-02
6.928203230297158566e-02
5.196152422727780273e-02
3.464101615156044145e-02
1.732050807580530136e-02
2.000000000000000111e-01
0.000000000000000000e+00
1.826794919243112103e-01
1.692820323030193030e-01
1.558845726817237876e-01
1.385640646060025127e-01
1.212435565302037027e-01
1.039230484544049066e-01
8.660254037866653432e-02
6.928203230297588777e-02
5.196152422728399223e-02
3.464101615156930936e-02
1.732050807575953935e-02
2.000000000000000111e-01
0.000000000000000000e+00
1.826794919243114879e-01
1.692820323030131135e-01
1.558845726817313926e-01
1.385640646060107006e-01
1.212435565302053958e-01
1.039230484544178962e-01
8.660254037867803900e-02
6.928203230297422244e-02
5.196152422728098075e-02
3.464101615159637798e-02
1.732050807580632831e-02
2.000000000000000111e-01
0.000000000000000000e+00
1.826794919243115989e-01
1.692820323028836060e-01
1.555285330890615880e-01
1.385640646060468106e-01
1.212435565302964063e-01
1.039230484544256955e-01
8.660254037868468646e-02
6.928203230298671245e-02
5.196152422724918674e-02
3.464101615158256264e-02
1.732050807581722932e-02
2.000000000000000111e-01
0.000000000000000000e+00
1.826794919243112103e-01
1.692820323028748075e-01
1.555240993956122919e-01
1.385293317463187901e-01
1.212377677202566006e-01
1.039230484544299005e-01
8.660254037868972410e-02
6.928203230299087578e-02
5.196152422725958814e-02
3.464101615142201052e-02
1.732050807568879039e-02
2.000000000000000111e-01
0.000000000000000000e+00
1.834885142990337892e-01
1.692279776166701055e-01
1.555059701794483107e-01
1.384799989668135112e-01
1.212435565300638979e-01
1.039230484543840066e-01
8.660254037869387356e-02
6.928203230299199988e-02
5.196152422729492099e-02
3.464101615148736102e-02
1.732050807570710907e-02
2.000000000000000111e-01
0.000000000000000000e+00
1.843474981425267112e-01
1.695339810704107886e-01
1.551298246914736001e-01
1.384382732740994104e-01
1.212308101154292023e-01
1.039230484543780947e-01
8.660254037868642119e-02
6.928203230299281867e-02
5.196152422728977927e-02
3.464101615153262342e-02
1.732050807575500131e-02
2.000000000000000111e-01
0.000000000000000000e+00
1.850231308212841874e-01
1.701552384449731004e-01
1.548548332277872863e-01
1.385640646057705871e-01
1.212435565300738066e-01
1.039230484543773037e-01
8.660254037867315402e-02
6.928203230297258486e-02
5.196152422728290282e-02
3.464101615157545722e-02
1.732050807580289009e-02
2.000000000000000111e-01
0.000000000000000000e+00
1.852593540831657948e-01
1.703766942570398013e-01
1.554377596039802079e-01
1.384665037565764034e-01
1.212272963885431959e-01
1.039230484543784971e-01
8.660254037865605659e-02
6.928203230295570947e-02
5.196152422727569331e-02
3.464101615159490000e-02
1.732050807582850849e-02
2.000000000000000111e-01
0.000000000000000000e+00
1.852948575604914105e-01
1.701902120328351864e-01
1.550532605753333071e-01
1.384255125880878012e-01
1.212014943620119967e-01
1.039230484543868932e-01
8.660254037869609400e-02
6.928203230293317194e-02
5.196152422722984110e-02
3.464101615152546249e-02
1.732050807584472121e-02
2.000000000000000111e-01
0.000000000000000000e+00
1.852063652017292006e-01
1.703072844650170004e-01
1.548498212559641096e-01
1.385640646057874903e-01
1.212435565300881979e-01
1.039230484543894051e-01
8.660254037869943855e-02
6.928203230300902793e-02
5.196152422719194780e-02
3.464101615148198338e-02
1.732050807572561857e-02
2.000000000000000111e-01
0.000000000000000000e+00
1.852593542038344920e-01
1.703766949810326115e-01
1.554377603111408990e-01
1.384665039754698068e-01
1.212272964250372953e-01
1.039230484543958999e-01
8.660254037870257493e-02
6.928203230300816751e-02
5.196152422730498238e-02
3.464101615143821283e-02
1.732050807572244056e-02
2.000000000000000111e-01
0.000000000000000000e+00
1.852948575604952131e-01
1.701902226430568044e-01
1.550532642120981963e-01
1.384255131942263017e-01
1.212014945056052034e-01
1.039230484543991057e-01
8.660254037870623867e-02
6.928203230301543947e-02
5.196152422731758341e-02
3.464101615161251785e-02
1.732050807568873141e-02
2.000000000000000111e-01
0.000000000000000000e+00
1.852063913312481103e-01
1.703073218243902898e-01
1.548498430764901901e-01
1.385640646058002023e-01
1.212435565300996054e-01
1.039230484543988975e-01
8.660254037870927790e-02
6.928203230301863136e-02
5.196152422728417264e-02
3.464101615161282316e-02
1.732050807585543140e-02
2.000000000000000111e-01
0.000000000000000000e+00
1.852593712635129120e-01
1.703767973390898083e-01
1.554378602887823979e-01
1.384665349209432128e-01
1.212273015826302036e-01
1.039230484544052951e-01
8.660254037871167876e-02
6.928203230300739035e-02
5.196152422723607917e-02
3.464101615145444291e-02
1.732050807572207973e-02
2.000000000000000111e-01
0.000000000000000000e+00
1.852948575604979886e-01
1.701918710826647863e-01
1.550537783827788119e-01
1.384255988893524081e-01
1.212015148053101066e-01
1.039230484544130945e-01
8.660254037871521759e-02
6.928203230302613924e-02
5.196152422726563191e-02
3.464101615140297019e-02
1.732050807568472073e-02
2.000000000000000111e-01
0.000000000000000000e+00
1.851902005760900916e-01
1.703134938495801110e-01
1.548529281005288916e-01
1.385640646058091119e-01
1.212435565301083068e-01
1.039230484544132055e-01
8.660254037871892296e-02
6.928203230302817928e-02
5.196152422732833870e-02
3.464101615162316905e-02
1.732050807573939921e-02
2.000000000000000111e-01
0.000000000000000000e+00
1.851378447616731093e-01
1.703950072847895125e-01
1.554535974701702072e-01
1.384693078837576918e-01
1.212277637431004029e-01
1.039230484544133026e-01
8.660254037872107402e-02
6.928203230303058013e-02
5.196152422734041237e-02
3.464101615160961739e-02
1.732050807589003913e-02
2.000000000000000111e-01
0.000000000000000000e+00
1.845474886037533069e-01
1.700289821914577060e-01
1.551473008755757943e-01
1.384264994848549979e-01
1.212022040917759974e-01
1.039230484544147043e-01
8.660254037872300303e-02
6.928203230303274507e-02
5.196152422734288262e-02
3.464101615158250713e-02
1.732050807581915139e-02
2.000000000000000111e-01
0.000000000000000000e+00
1.851352948939684884e-01
1.694440696458842932e-01
1.555021819770699976e-01
1.384759456860296112e-01
1.212435565301133028e-01
1.039230484544144961e-01
8.660254037872494592e-02
6.928203230303484061e-02
5.196152422732928933e-02
3.464101615159639880e-02
1.732050807577225141e-02
2.000000000000000111e-01
0.000000000000000000e+00
1.851835699885089892e-01
1.703797080785549867e-01
1.551231851375609871e-01
1.384177417915579966e-01
1.212044829077753988e-01
1.039230484544192978e-01
8.660254037872684718e-02
6.928203230303621452e-02
5.196152422734649778e-02
3.464101615162230863e-02
1.732050807583917010e-02
2.000000000000000111e-01
0.000000000000000000e+00
1.852948575604995984e-01
1.702915593980312003e-01
1.553859179707665905e-01
1.384475152642409002e-01
1.211932322337553047e-01
1.039230484544221983e-01
8.660254037872988642e-02
6.928203230303940641e-02
5.196152422734937742e-02
3.464101615157459679e-02
1.732050807582767929e-02
2.000000000000000111e-01
0.000000000000000000e+00
1.852710569447076905e-01
1.702165555999758939e-01
1.548043000968666039e-01
1.383634232671414055e-01
1.212435565301138995e-01
1.039230484544215044e-01
8.660254037873207911e-02
6.928203230304286198e-02
5.196152422735274279e-02
3.464101615158308306e-02
1.732050807579483057e-02
2.000000000000000111e-01
0.000000000000000000e+00
1.855388198589547066e-01
1.704469114262494867e-01
1.551906481735010057e-01
1.384404891584481989e-01
1.212435565301103052e-01
1.039230484544217958e-01
8.660254037873281463e-02
6.928203230304427751e-02
5.196152422734105769e-02
3.464101615157313963e-02
1.732050807578363119e-02
2.000000000000000111e-01
0.000000000000000000e+00
1.843608592207776065e-01
1.705289876979362018e-01
1.557216750210055900e-01
1.385165364296624957e-01
1.212150392595300052e-01
1.039230484544221983e-01
8.660254037873330035e-02
6.928203230304513793e-02
5.196152422733978093e-02
3.464101615157007263e-02
1.732050807580312948e-02
2.000000000000000111e-01
0.000000000000000000e+00
1.836185733422769084e-01
1.695221201199804961e-01
1.541735583403988086e-01
1.382788955489550886e-01
1.212435565301138995e-01
1.039230484544231975e-01
8.660254037873403588e-02
6.928203230304505467e-02
5.196152422735698245e-02
3.464101615157628294e-02
1.732050807578695839e-02
2.000000000000000111e-01
0.000000000000000000e+00
1.830619389552168019e-01
1.691443187168915063e-01
1.541894083330206111e-01
1.385640646058045045e-01
1.212435565301147045e-01
1.039230484544247934e-01
8.660254037873521549e-02
6.928203230304648408e-02
5.196152422735694776e-02
3.464101615159039665e-02
1.732050807579177051e-02
2.000000000000000111e-01
0.000000000000000000e+00
1.826794919243112103e-01
1.691881652278177939e-01
1.552857063230365098e-01
1.382788955489535065e-01
1.212435565301148016e-01
1.039230484544255984e-01
8.660254037873604815e-02
6.928203230304670612e-02
5.196152422735880738e-02
3.464101615163008713e-02
1.732050807579700938e-02
2.000000000000000111e-01
0.000000000000000000e+00
1.836907499946799083e-01
1.692820323028985108e-01
1.555077168014933897e-01
1.385165364296604973e-01
1.212435565301139967e-01
1.039230484544255012e-01
8.660254037873647837e-02
6.928203230304583182e-02
5.196152422735039744e-02
3.464101615166551018e-02
1.732050807582454985e-02
2.000000000000000111e-01
0.000000000000000000e+00
1.809009434379721948e-01
1.697292252668133883e-01
1.556999284228393898e-01
1.385548230159940886e-01
1.212356351674220983e-01
1.039217282273096066e-01
8.660254037873636734e-02
6.928203230304796900e-02
5.196152422735739185e-02
3.464101615162242659e-02
1.732050807585465077e-02
2.000000000000000111e-01
0.000000000000000000e+00
1.853589838486209007e-01
1.599668581035096071e-01
1.392971346077671868e-01
1.210403735312584050e-01
1.039190446524719952e-01
8.660254037873493793e-02
6.928203230304694205e-02
5.196152422735886289e-02
3.464101615159576736e-02
1.732050807582799848e-02
2.000000000000000111e-01
1.693030798037885865e-01
0.000000000000000000e+00
1.799999999999999933e-01
1.495916934326287084e-01
1.200416214894935996e-01
1.040530650173154964e-01
8.666092559279159335e-02
6.928203230304476323e-02
5.196227738449524930e-02
3.464101615156345293e-02
1.732050807578766963e-02
1.600000000000000033e-01
1.299999999999998934e-01
0.000000000000000000e+00
1.399999999999999023e-01
1.072739316581422936e-01
8.759521976850190295e-02
6.943913633889869930e-02
5.198770823328367763e-02
3.461935108867379707e-02
1.732050807573872961e-02
1.199999999999998984e-01
0.000000000000000000e+00
8.999999999999985789e-02
9.999999999999986677e-02
6.981596001976714261e-02
5.196152422735249299e-02
3.457094982129559069e-02
1.723440002280280173e-02
0.000000000000000000e+00
7.999999999999984901e-02
5.022676419083259985e-02
3.257820232695270157e-02
1.687392608839980920e-02
5.999999999999985900e-02
0.000000000000000000e+00
3.999999999999986899e-02
1.464101615137900977e-02
1.999999999999991021e-02
0.000000000000000000e+00
